1,0,0.995390000000000,-0.0588900000000000,0.852430000000000,0.0230600000000000,0.833980000000000,-0.377080000000000,1,0.0376000000000000,0.852430000000000,-0.177550000000000,0.597550000000000,-0.449450000000000,0.605360000000000,-0.382230000000000,0.843560000000000,-0.385420000000000,0.582120000000000,-0.321920000000000,0.569710000000000,-0.296740000000000,0.369460000000000,-0.473570000000000,0.568110000000000,-0.511710000000000,0.410780000000000,-0.461680000000000,0.212660000000000,-0.340900000000000,0.422670000000000,-0.544870000000000,0.186410000000000,-0.453000000000000,2
1,0,1,-0.188290000000000,0.930350000000000,-0.361560000000000,-0.108680000000000,-0.935970000000000,1,-0.0454900000000000,0.508740000000000,-0.677430000000000,0.344320000000000,-0.697070000000000,-0.516850000000000,-0.975150000000000,0.0549900000000000,-0.622370000000000,0.331090000000000,-1,-0.131510000000000,-0.453000000000000,-0.180560000000000,-0.357340000000000,-0.203320000000000,-0.265690000000000,-0.204680000000000,-0.184010000000000,-0.190400000000000,-0.115930000000000,-0.166260000000000,-0.0628800000000000,-0.137380000000000,-0.0244700000000000,1
1,0,1,-0.0336500000000000,1,0.00485000000000000,1,-0.120620000000000,0.889650000000000,0.0119800000000000,0.730820000000000,0.0534600000000000,0.854430000000000,0.00827000000000000,0.545910000000000,0.00299000000000000,0.837750000000000,-0.136440000000000,0.755350000000000,-0.0854000000000000,0.708870000000000,-0.275020000000000,0.433850000000000,-0.120620000000000,0.575280000000000,-0.402200000000000,0.589840000000000,-0.221450000000000,0.431000000000000,-0.173650000000000,0.604360000000000,-0.241800000000000,0.560450000000000,-0.382380000000000,2
1,0,1,-0.451610000000000,1,1,0.712160000000000,-1,0,0,0,0,0,0,-1,0.145160000000000,0.540940000000000,-0.393300000000000,-1,-0.544670000000000,-0.699750000000000,1,0,0,1,0.906950000000000,0.516130000000000,1,1,-0.200990000000000,0.256820000000000,1,-0.323820000000000,1,1
1,0,1,-0.0240100000000000,0.941400000000000,0.0653100000000000,0.921060000000000,-0.232550000000000,0.771520000000000,-0.163990000000000,0.527980000000000,-0.202750000000000,0.564090000000000,-0.00712000000000000,0.343950000000000,-0.274570000000000,0.529400000000000,-0.217800000000000,0.451070000000000,-0.178130000000000,0.0598200000000000,-0.355750000000000,0.0230900000000000,-0.528790000000000,0.0328600000000000,-0.651580000000000,0.132900000000000,-0.532060000000000,0.0243100000000000,-0.621970000000000,-0.0570700000000000,-0.595730000000000,-0.0460800000000000,-0.656970000000000,2
1,0,0.0233700000000000,-0.00592000000000000,-0.0992400000000000,-0.119490000000000,-0.00763000000000000,-0.118240000000000,0.147060000000000,0.0663700000000000,0.0378600000000000,-0.0630200000000000,0,0,-0.0457200000000000,-0.155400000000000,-0.00343000000000000,-0.101960000000000,-0.115750000000000,-0.0541400000000000,0.0183800000000000,0.0366900000000000,0.0151900000000000,0.00888000000000000,0.0351300000000000,-0.0153500000000000,-0.0324000000000000,0.0922300000000000,-0.0785900000000000,0.00732000000000000,0,0,-0.000390000000000000,0.120110000000000,1
1,0,0.975880000000000,-0.106020000000000,0.946010000000000,-0.208000000000000,0.928060000000000,-0.283500000000000,0.859960000000000,-0.273420000000000,0.797660000000000,-0.479290000000000,0.782250000000000,-0.507640000000000,0.746280000000000,-0.614360000000000,0.579450000000000,-0.680860000000000,0.378520000000000,-0.736410000000000,0.363240000000000,-0.765620000000000,0.318980000000000,-0.797530000000000,0.227920000000000,-0.816340000000000,0.136590000000000,-0.825100000000000,0.0460600000000000,-0.823950000000000,-0.0426200000000000,-0.813180000000000,-0.138320000000000,-0.809750000000000,2
0,0,0,0,0,0,1,-1,0,0,-1,-1,0,0,0,0,1,1,-1,-1,0,0,0,0,1,1,1,1,0,0,1,1,0,0,1
1,0,0.963550000000000,-0.0719800000000000,1,-0.143330000000000,1,-0.213130000000000,1,-0.361740000000000,0.925700000000000,-0.435690000000000,0.945100000000000,-0.406680000000000,0.903920000000000,-0.463810000000000,0.983050000000000,-0.352570000000000,0.845370000000000,-0.660200000000000,0.753460000000000,-0.605890000000000,0.696370000000000,-0.642250000000000,0.851060000000000,-0.654400000000000,0.575770000000000,-0.697120000000000,0.254350000000000,-0.639190000000000,0.451140000000000,-0.727790000000000,0.388950000000000,-0.734200000000000,2
1,0,-0.0186400000000000,-0.0845900000000000,0,0,0,0,0.114700000000000,-0.268100000000000,-0.456630000000000,-0.381720000000000,0,0,-0.336560000000000,0.386020000000000,-0.371330000000000,0.150180000000000,0.637280000000000,0.221150000000000,0,0,0,0,-0.148030000000000,-0.0132600000000000,0.206450000000000,-0.0229400000000000,0,0,0.165950000000000,0.240860000000000,-0.0820800000000000,0.380650000000000,1
1,0,1,0.0665500000000000,1,-0.183880000000000,1,-0.273200000000000,1,-0.431070000000000,1,-0.413490000000000,0.962320000000000,-0.518740000000000,0.907110000000000,-0.590170000000000,0.892300000000000,-0.664740000000000,0.698760000000000,-0.709970000000000,0.706450000000000,-0.763200000000000,0.630810000000000,-0.805440000000000,0.558670000000000,-0.891280000000000,0.472110000000000,-0.865000000000000,0.403030000000000,-0.836750000000000,0.309960000000000,-0.890930000000000,0.229950000000000,-0.891580000000000,2
1,0,1,-0.542100000000000,1,-1,1,-1,1,0.362170000000000,1,-0.411190000000000,1,1,1,-1,1,-0.293540000000000,1,-0.935990000000000,1,1,1,1,1,-0.408880000000000,1,-0.627450000000000,1,-1,1,-1,1,-1,1
1,0,1,-0.163160000000000,1,-0.101690000000000,0.999990000000000,-0.151970000000000,1,-0.192770000000000,0.940550000000000,-0.351510000000000,0.957350000000000,-0.297850000000000,0.937190000000000,-0.344120000000000,0.944860000000000,-0.281060000000000,0.901370000000000,-0.433830000000000,0.860430000000000,-0.473080000000000,0.829870000000000,-0.512200000000000,0.840800000000000,-0.471370000000000,0.762240000000000,-0.583700000000000,0.657230000000000,-0.687940000000000,0.687140000000000,-0.645370000000000,0.647270000000000,-0.672260000000000,2
1,0,1,-0.867010000000000,1,0.222800000000000,0.854920000000000,-0.398960000000000,1,-0.120900000000000,1,0.351470000000000,1,0.0777200000000000,1,-0.147670000000000,1,-1,1,-1,0.618310000000000,0.158030000000000,1,0.623490000000000,1,-0.170120000000000,1,0.359240000000000,1,-0.664940000000000,1,0.884280000000000,1,-0.188260000000000,1
1,0,1,0.0738000000000000,1,0.0342000000000000,1,-0.0556300000000000,1,0.0876400000000000,1,0.196510000000000,1,0.203280000000000,1,0.127850000000000,1,0.105610000000000,1,0.270870000000000,1,0.447580000000000,1,0.417500000000000,1,0.200330000000000,1,0.367430000000000,0.956030000000000,0.486410000000000,1,0.324920000000000,1,0.467120000000000,2
1,0,0.509320000000000,-0.939960000000000,1,0.267080000000000,-0.0352000000000000,-1,1,-1,0.436850000000000,-1,0,0,-1,-0.342650000000000,-0.376810000000000,0.0362300000000000,1,-1,0,0,0,0,-0.162530000000000,0.922360000000000,0.397520000000000,0.265010000000000,0,0,1,0.231880000000000,0,0,1
1,0,0.996450000000000,0.0646800000000000,1,-0.0123600000000000,0.978110000000000,0.0249800000000000,0.961120000000000,0.0231200000000000,0.992740000000000,0.0780800000000000,0.893230000000000,0.103460000000000,0.942120000000000,0.0526900000000000,0.888090000000000,0.111200000000000,0.861040000000000,0.0863100000000000,0.816330000000000,0.118300000000000,0.836680000000000,0.144420000000000,0.813290000000000,0.134120000000000,0.794760000000000,0.136380000000000,0.791100000000000,0.153790000000000,0.771220000000000,0.159300000000000,0.709410000000000,0.120150000000000,2
0,0,0,0,-1,-1,1,1,-1,1,-1,1,1,-1,1,1,-1,-1,-1,1,1,-1,-1,1,-1,1,1,-1,-1,1,-1,-1,1,-1,1
1,0,0.670650000000000,0.0252800000000000,0.666260000000000,0.0503100000000000,0.571970000000000,0.187610000000000,0.0877600000000000,0.340810000000000,0.636210000000000,0.121310000000000,0.620990000000000,0.142850000000000,0.786370000000000,0.109760000000000,0.583730000000000,0.181510000000000,0.143950000000000,0.412240000000000,0.538880000000000,0.213260000000000,0.514200000000000,0.226250000000000,0.488380000000000,0.237240000000000,0.461670000000000,0.246180000000000,0.434330000000000,0.253060000000000,0.406630000000000,0.257920000000000,1,0.330360000000000,2
0,0,1,-1,0,0,0,0,1,1,1,-1,-0.718750000000000,1,0,0,-1,1,1,1,-1,1,1,0.562500000000000,-1,1,1,1,1,-1,1,1,1,1,1
1,0,1,-0.00612000000000000,1,-0.0983400000000000,1,-0.0764900000000000,1,-0.106050000000000,1,-0.110730000000000,1,-0.394890000000000,1,-0.156160000000000,0.921240000000000,-0.318840000000000,0.864730000000000,-0.345340000000000,0.916930000000000,-0.440720000000000,0.960600000000000,-0.468660000000000,0.818740000000000,-0.403720000000000,0.826810000000000,-0.422310000000000,0.757840000000000,-0.382310000000000,0.804480000000000,-0.405750000000000,0.743540000000000,-0.450390000000000,2
0,0,1,1,0,0,0,0,-1,-1,0,0,0,0,-1,-1,-1,-1,-1,1,-1,1,0,0,0,0,1,-1,-1,1,-1,1,-1,1,1
1,0,0.960710000000000,0.0708800000000000,1,0.0429600000000000,1,0.0931300000000000,0.901690000000000,-0.0514400000000000,0.892630000000000,0.0258000000000000,0.832500000000000,-0.0614200000000000,0.875340000000000,0.0983100000000000,0.765440000000000,0.00280000000000000,0.752060000000000,-0.0529500000000000,0.659610000000000,-0.0790500000000000,0.641580000000000,-0.0592900000000000,0.556770000000000,-0.0770500000000000,0.580510000000000,-0.0220500000000000,0.496640000000000,-0.0125100000000000,0.513100000000000,-0.000150000000000000,0.520990000000000,-0.00182000000000000,2
0,0,-1,1,0,0,0,0,-1,1,1,1,0,0,0,0,1,-1,-1,1,1,1,0,0,-1,-1,1,-1,1,1,-1,1,0,0,1
1,0,1,-0.0618200000000000,1,0.0294200000000000,1,-0.0513100000000000,1,-0.0170700000000000,1,-0.117260000000000,0.844930000000000,-0.0520200000000000,0.933920000000000,-0.0659800000000000,0.691700000000000,-0.0737900000000000,0.657310000000000,-0.203670000000000,0.949100000000000,-0.315580000000000,0.808520000000000,-0.316540000000000,0.849320000000000,-0.348380000000000,0.725290000000000,-0.291740000000000,0.730940000000000,-0.385760000000000,0.543560000000000,-0.262840000000000,0.642070000000000,-0.394870000000000,2
1,0,1,0.578200000000000,1,-1,1,-1,1,-1,1,-1,1,-1,1,-1,1,-1,1,-1,1,-0.627960000000000,1,-1,1,-1,1,-1,1,-1,1,-1,1,-1,1
1,0,1,-0.0871400000000000,1,-0.172630000000000,0.866350000000000,-0.817790000000000,0.948170000000000,0.610530000000000,0.954730000000000,-0.413820000000000,0.884860000000000,-0.317360000000000,0.879370000000000,-0.234330000000000,0.810510000000000,-0.621800000000000,0.122450000000000,-1,0.902840000000000,0.110530000000000,0.623570000000000,-0.785470000000000,0.553890000000000,-0.828680000000000,0.481360000000000,-0.865830000000000,0.406500000000000,-0.896740000000000,0.329840000000000,-0.921280000000000,-0.133410000000000,-1,2
0,0,-1,-1,0,0,-1,1,1,-0.375000000000000,0,0,0,0,0,0,1,-1,-1,-1,1,-1,0,0,1,-1,-1,1,-1,-1,0,0,-1,1,1
1,0,1,0.0838000000000000,1,0.173870000000000,1,-0.133080000000000,0.981720000000000,0.645200000000000,1,0.479040000000000,1,0.591130000000000,1,0.707580000000000,1,0.827770000000000,1,0.950990000000000,1,1,0.980420000000000,1,0.916240000000000,1,0.838990000000000,1,0.748220000000000,1,0.643580000000000,1,0.524790000000000,1,2
0,0,-1,-1,1,1,1,-1,-1,1,1,-1,-1,-1,0,0,1,1,-1,-1,1,-1,1,-1,1,1,1,-1,1,-1,-1,1,1,-1,1
1,0,1,-0.142360000000000,1,-0.162560000000000,1,-0.236560000000000,1,-0.0751400000000000,1,-0.250100000000000,1,-0.261610000000000,1,-0.219750000000000,1,-0.386060000000000,1,-0.461620000000000,1,-0.355190000000000,1,-0.596610000000000,1,-0.476430000000000,0.988200000000000,-0.496870000000000,1,-0.758200000000000,1,-0.757610000000000,1,-0.844370000000000,2
1,0,1,-1,1,1,1,-1,1,-1,1,-1,1,-0.0184000000000000,1,-1,1,1,1,-0.855830000000000,1,1,1,-1,0,0,1,1,1,-0.791410000000000,1,1,1,1,1
1,0,0.882080000000000,-0.146390000000000,0.934080000000000,-0.110570000000000,0.921000000000000,-0.164500000000000,0.883070000000000,-0.170360000000000,0.884620000000000,-0.318090000000000,0.852690000000000,-0.314630000000000,0.821160000000000,-0.359240000000000,0.806810000000000,-0.336320000000000,0.752430000000000,-0.470220000000000,0.705550000000000,-0.471530000000000,0.661500000000000,-0.500850000000000,0.612970000000000,-0.480860000000000,0.568040000000000,-0.546290000000000,0.501790000000000,-0.598540000000000,0.470750000000000,-0.573770000000000,0.421890000000000,-0.580860000000000,2
1,0,0.712530000000000,-0.0259500000000000,0.412870000000000,-0.230670000000000,0.980190000000000,-0.0947300000000000,0.997090000000000,-0.102360000000000,1,-0.109510000000000,0.589650000000000,1,0.837260000000000,-1,0.822700000000000,-0.178630000000000,0.807600000000000,-0.282570000000000,-0.259140000000000,0.927300000000000,0.519330000000000,0.0545600000000000,0.654930000000000,-0.203920000000000,0.931240000000000,-0.413070000000000,0.638110000000000,-0.219010000000000,0.861360000000000,-0.873540000000000,-0.231860000000000,-1,1
1,0,1,-0.158990000000000,0.723140000000000,0.276860000000000,0.834430000000000,-0.583880000000000,1,-0.282070000000000,1,-0.498630000000000,0.799620000000000,-0.125270000000000,0.768370000000000,0.146380000000000,1,0.393370000000000,1,0.265900000000000,0.963540000000000,-0.0189100000000000,0.925990000000000,-0.913380000000000,1,0.148030000000000,1,-0.115820000000000,1,-0.111290000000000,1,0.533720000000000,1,-0.577580000000000,2
1,0,0.661610000000000,-1,1,1,1,-0.673210000000000,0.808930000000000,-0.404460000000000,1,-1,1,-0.893750000000000,1,0.733930000000000,0.175890000000000,0.709820000000000,1,0.780360000000000,1,0.852680000000000,1,-1,1,0.853570000000000,1,-0.0857100000000000,0.959820000000000,-0.362500000000000,1,0.652680000000000,1,0.347320000000000,1
1,0,1,0.00433000000000000,1,-0.0120900000000000,1,-0.0296000000000000,1,-0.0701400000000000,0.978390000000000,-0.0625600000000000,1,-0.0654400000000000,0.972610000000000,-0.0791700000000000,0.925610000000000,-0.136650000000000,0.941840000000000,-0.143270000000000,0.995890000000000,-0.142480000000000,0.948150000000000,-0.135650000000000,0.894690000000000,-0.208510000000000,0.890670000000000,-0.179090000000000,0.856440000000000,-0.185520000000000,0.837770000000000,-0.201010000000000,0.838670000000000,-0.207660000000000,2
0,0,1,1,1,-1,0,0,0,0,-1,-1,0,0,0,0,-1,1,1,1,-1,1,-1,1,1,-1,1,1,-1,1,1,1,0,0,1
1,0,0.912410000000000,0.0434700000000000,0.941910000000000,0.0228000000000000,0.947050000000000,0.0534500000000000,0.935820000000000,0.0132100000000000,0.919110000000000,0.0634800000000000,0.927660000000000,0.120670000000000,0.920480000000000,0.0621100000000000,0.888990000000000,0.127220000000000,0.837440000000000,0.144390000000000,0.809830000000000,0.118490000000000,0.770410000000000,0.142220000000000,0.757550000000000,0.112990000000000,0.735500000000000,0.132820000000000,0.663870000000000,0.153000000000000,0.709250000000000,0.107540000000000,0.652580000000000,0.114470000000000,2
1,0,1,0.0246100000000000,0.996720000000000,0.0486100000000000,0.975450000000000,0.0714300000000000,0.617450000000000,-1,0.910360000000000,0.111470000000000,0.884620000000000,0.536400000000000,0.820770000000000,0.141370000000000,0.769290000000000,0.151890000000000,1,0.410030000000000,0.658500000000000,0.163710000000000,0.601380000000000,0.165160000000000,0.544460000000000,0.163900000000000,0.488670000000000,0.160190000000000,0.434810000000000,0.154360000000000,0.383520000000000,0.146770000000000,1,1,1
1,0,1,0.0653800000000000,1,0.207460000000000,1,0.262810000000000,0.930510000000000,0.322130000000000,0.867730000000000,0.390390000000000,0.754740000000000,0.500820000000000,0.795550000000000,0.523210000000000,0.659540000000000,0.607560000000000,0.576190000000000,0.629990000000000,0.478070000000000,0.671350000000000,0.405530000000000,0.688400000000000,0.343840000000000,0.720820000000000,0.277120000000000,0.723860000000000,0.192960000000000,0.706820000000000,0.113720000000000,0.726880000000000,0.0699000000000000,0.714440000000000,2
1,0,-1,-1,1,1,1,-0.143750000000000,0,0,-1,1,1,1,0.179170000000000,-1,-1,-1,0.0875000000000000,-1,1,-1,-1,1,-1,-1,1,-1,-1,-1,1,1,0,0,1
1,0,0.909320000000000,0.0879100000000000,0.865280000000000,0.168880000000000,1,0.165980000000000,0.551870000000000,0.681540000000000,0.702070000000000,0.367190000000000,0.162860000000000,0.427390000000000,0.576200000000000,0.460860000000000,0.510670000000000,0.496180000000000,0.316390000000000,0.129670000000000,0.378240000000000,0.544620000000000,0.312740000000000,0.558260000000000,0.248560000000000,0.565270000000000,0.186260000000000,0.566050000000000,0.126350000000000,0.561010000000000,0.0692700000000000,0.550610000000000,0.121370000000000,0.677390000000000,2
1,0,-0.642860000000000,-1,1,0.828570000000000,1,-1,1,-0.233930000000000,1,0.961610000000000,1,-0.376790000000000,1,-1,1,0.138390000000000,1,-1,1,-0.0339300000000000,-0.842860000000000,1,0.537500000000000,0.857140000000000,1,1,1,-1,1,-1,1,-1,1
1,0,0.990250000000000,-0.0578500000000000,0.997930000000000,-0.130090000000000,0.986630000000000,-0.194300000000000,0.993740000000000,-0.258430000000000,0.927380000000000,-0.301300000000000,0.926510000000000,-0.379650000000000,0.898120000000000,-0.437960000000000,0.849220000000000,-0.520640000000000,0.874330000000000,-0.570750000000000,0.790160000000000,-0.598390000000000,0.747250000000000,-0.646150000000000,0.682820000000000,-0.684790000000000,0.652470000000000,-0.731740000000000,0.610100000000000,-0.753530000000000,0.547520000000000,-0.802780000000000,0.491950000000000,-0.832450000000000,2
0,0,0,0,0,0,0,0,1,1,1,1,0,0,0,0,-0.375000000000000,-1,-1,-1,0,0,0,0,-1,-1,-1,-1,-1,1,1,0,0,0,1
1,0,1,-0.0373000000000000,1,-0.0738300000000000,0.996010000000000,-0.110390000000000,0.998380000000000,-0.0993100000000000,0.989410000000000,-0.138140000000000,0.966740000000000,-0.216950000000000,0.952880000000000,-0.250990000000000,0.912360000000000,-0.344000000000000,0.905810000000000,-0.321520000000000,0.899910000000000,-0.346910000000000,0.878740000000000,-0.376430000000000,0.862130000000000,-0.429900000000000,0.831720000000000,-0.431220000000000,0.814330000000000,-0.425930000000000,0.779190000000000,-0.479770000000000,0.751150000000000,-0.501520000000000,2
1,0,0.945980000000000,-0.0268500000000000,-1,0.261310000000000,-0.363930000000000,0.356390000000000,0.692580000000000,-0.634270000000000,1,-0.0335300000000000,-0.290200000000000,-0.00550000000000000,-0.548520000000000,0.154520000000000,0.919210000000000,-0.462700000000000,1,-0.504240000000000,-0.297350000000000,-0.314540000000000,-0.738640000000000,0.373610000000000,0.838720000000000,-0.467340000000000,0.522080000000000,-0.581300000000000,1,-0.613930000000000,-0.0963400000000000,0.204770000000000,-0.0611700000000000,0.419130000000000,1
1,0,0.981660000000000,0.00874000000000000,0.981030000000000,-0.0381800000000000,0.975650000000000,-0.0569900000000000,0.959470000000000,-0.0697100000000000,0.990040000000000,-0.0450700000000000,0.947130000000000,-0.111020000000000,0.933690000000000,-0.127900000000000,0.942170000000000,-0.115830000000000,0.796820000000000,-0.192000000000000,0.882740000000000,-0.173870000000000,0.862570000000000,-0.187390000000000,0.884870000000000,-0.196890000000000,0.818130000000000,-0.211360000000000,0.785460000000000,-0.238640000000000,0.769110000000000,-0.230950000000000,0.743230000000000,-0.239020000000000,2
1,0,0,0,1,0.517240000000000,0,0,0.109910000000000,-1,0,0,0,0,-1,-0.224140000000000,-0.557110000000000,-0.832970000000000,0.769400000000000,0.631470000000000,0,0,0.534480000000000,0.356680000000000,-0.903020000000000,0.448280000000000,1,-1,-1,0.815730000000000,0,0,0,0,1
1,0,0.841340000000000,-0.183620000000000,0.436440000000000,0.0291900000000000,0.934210000000000,-0.00267000000000000,0.879470000000000,0.137950000000000,0.811210000000000,-0.0178900000000000,0.885590000000000,0.549910000000000,0.917140000000000,-0.574860000000000,0.750000000000000,-0.295200000000000,0.866760000000000,-0.201040000000000,1,1,0.466100000000000,-0.162900000000000,0.900660000000000,-0.0277800000000000,0.933580000000000,-0.0115800000000000,0.615820000000000,-0.322980000000000,0.844630000000000,-0.257060000000000,0.933230000000000,-0.0142500000000000,2
0,0,1,1,1,-1,0,0,0,0,1,1,1,1,-1,-1,1,-1,-1,1,0,0,1,-1,1,-1,1,1,-1,-1,0,0,0,0,1
1,0,1,1,1,1,0.910100000000000,1,-0.269700000000000,1,-0.831520000000000,1,-1,1,-1,0.725260000000000,-1,-0.577790000000000,-1,-0.420520000000000,-1,-1,-0.528380000000000,-1,0.900140000000000,-1,1,-1,1,-1,1,-0.346860000000000,1,0.348450000000000,2
1,0,-0.679350000000000,-1,-1,1,1,0.633170000000000,0.0351500000000000,-1,-1,-1,1,1,0.886830000000000,-1,-1,1,0.838400000000000,1,1,-1,-1,-1,-0.188560000000000,1,1,-1,-1,-1,-1,1,1,0.336110000000000,1
1,0,0.956590000000000,0.0814300000000000,0.974870000000000,-0.0566700000000000,0.971650000000000,-0.0848400000000000,0.960970000000000,-0.0656100000000000,0.947170000000000,0.0127900000000000,0.954360000000000,-0.167950000000000,0.946120000000000,-0.194970000000000,0.996300000000000,-0.322680000000000,0.903430000000000,-0.359020000000000,0.914280000000000,-0.273160000000000,0.901400000000000,-0.298070000000000,0.998990000000000,-0.407470000000000,0.872440000000000,-0.345860000000000,0.920590000000000,-0.306190000000000,0.839510000000000,-0.390610000000000,0.821660000000000,-0.411730000000000,2
1,0,0.0833300000000000,-0.206850000000000,-1,1,-1,1,0.718750000000000,0.471730000000000,-0.821430000000000,-0.627230000000000,-1,-1,-1,1,-0.0275300000000000,0.591520000000000,-0.421130000000000,-0.421130000000000,-0.746280000000000,-1,-1,-0.468010000000000,-1,0.238100000000000,1,-1,-1,-0.389140000000000,-1,-1,-1,0.614580000000000,1
1,0,1,-0.0225900000000000,1,-0.0449400000000000,1,-0.0668200000000000,1,-0.0879900000000000,1,0.561730000000000,1,-0.127380000000000,1,-0.145220000000000,1,0.324070000000000,1,-0.176390000000000,0.994840000000000,-0.189490000000000,0.956010000000000,-0.200810000000000,1,-0.922840000000000,0.872800000000000,-0.217930000000000,0.829200000000000,-0.223700000000000,0.784790000000000,-0.227650000000000,0.739920000000000,-0.229810000000000,2
0,0,-1,1,1,-1,-1,1,0,0,1,1,-1,-0.187500000000000,1,1,-1,-1,1,-1,-1,-1,1,1,1,-1,1,1,1,1,0,0,-1,-1,1
1,0,1,0.0581200000000000,0.945250000000000,0.0741800000000000,0.999520000000000,0.132310000000000,1,-0.0191100000000000,0.948460000000000,0.0703300000000000,0.957130000000000,0.146440000000000,0.948620000000000,0.112240000000000,0.908960000000000,0.201190000000000,0.967410000000000,0.162650000000000,0.996950000000000,0.142580000000000,0.907840000000000,0.164100000000000,0.916670000000000,0.224310000000000,0.884230000000000,0.235710000000000,0.885680000000000,0.225110000000000,0.783240000000000,0.295760000000000,0.835740000000000,0.311660000000000,2
1,0,0.171880000000000,-1,-1,1,0,0,0,0,-1,1,0,0,-0.613540000000000,-0.677080000000000,0.805210000000000,0.361460000000000,0.519790000000000,0.143750000000000,0,0,-1,-0.270830000000000,-0.847920000000000,0.962500000000000,1,1,-1,0.677080000000000,0,0,0,0,1
1,0,1,0.0977100000000000,1,0.121970000000000,1,0.225740000000000,0.986020000000000,0.0923700000000000,0.949300000000000,0.192110000000000,0.929920000000000,0.242880000000000,0.892410000000000,0.283430000000000,0.855290000000000,0.267210000000000,0.836560000000000,0.331290000000000,0.833930000000000,0.316980000000000,0.748290000000000,0.395970000000000,0.761930000000000,0.346580000000000,0.684520000000000,0.427460000000000,0.627640000000000,0.460310000000000,0.567910000000000,0.470330000000000,0.542520000000000,0.509030000000000,2
1,0,0.0166700000000000,-0.356250000000000,0,0,0,0,0,0,0,0,0,0,0.122920000000000,-0.550000000000000,0.228130000000000,0.828130000000000,1,-0.422920000000000,0,0,0.0833300000000000,-1,-0.106250000000000,-0.166670000000000,1,-0.766670000000000,-1,0.188540000000000,0,0,1,-0.272920000000000,1
1,0,1,0.168010000000000,0.993520000000000,0.163340000000000,0.946160000000000,0.333470000000000,0.917590000000000,0.226100000000000,0.914080000000000,0.371070000000000,0.842500000000000,0.468990000000000,0.810110000000000,0.492250000000000,0.784730000000000,0.483110000000000,0.650910000000000,0.569770000000000,0.565530000000000,0.580710000000000,0.555860000000000,0.647200000000000,0.483110000000000,0.552360000000000,0.433170000000000,0.691290000000000,0.356840000000000,0.761470000000000,0.339210000000000,0.668440000000000,0.221010000000000,0.786850000000000,2
1,0,0.638160000000000,1,0.208330000000000,-1,1,1,0.877190000000000,0.309210000000000,-0.668860000000000,1,-0.0592100000000000,0.587720000000000,0.0175400000000000,0.0504400000000000,-0.515350000000000,-1,0.142540000000000,-0.0328900000000000,0.326750000000000,-0.438600000000000,-1,1,0.809210000000000,-1,1,-0.0614000000000000,1,1,0.206140000000000,-1,1,1,1
1,0,1,-0.414570000000000,1,0.761310000000000,0.870600000000000,0.185930000000000,1,-0.0992500000000000,0.938440000000000,0.479900000000000,0.654520000000000,-0.160800000000000,1,0.00879000000000000,0.976130000000000,-0.501260000000000,0.800250000000000,-0.244970000000000,0.880650000000000,-0.190950000000000,1,-0.123120000000000,0.935930000000000,0.106780000000000,0.928900000000000,-0.0724900000000000,1,-0.273870000000000,0.439700000000000,0.198490000000000,0.513820000000000,-0.0540200000000000,2
1,0,0.847830000000000,0.105980000000000,1,0.391300000000000,1,-1,0.669380000000000,0.0842400000000000,1,0.270380000000000,1,0.605980000000000,1,0.355070000000000,1,0.0267200000000000,0.584240000000000,-0.430250000000000,1,0.634960000000000,0.891300000000000,0.265850000000000,0.910330000000000,-0.333330000000000,1,0.159420000000000,0.376810000000000,-0.0194700000000000,1,0.224640000000000,1,0.374090000000000,1
1,0,1,0.280460000000000,1,0.0247700000000000,1,0.0776400000000000,1,0.0431700000000000,0.987620000000000,0.332660000000000,1,0.0548900000000000,1,0.0438400000000000,0.957500000000000,-0.245980000000000,0.843710000000000,-0.0866800000000000,1,0.0415000000000000,0.999330000000000,0.273760000000000,1,-0.390560000000000,0.964140000000000,-0.0217400000000000,0.867470000000000,0.233600000000000,0.945780000000000,-0.220210000000000,0.803550000000000,-0.0732900000000000,2
0,0,1,-1,1,-1,1,-1,1,-1,1,1,1,1,1,-1,1,1,1,1,1,1,1,-1,1,-1,1,-1,1,0.656250000000000,0,0,1,-1,1
1,0,1,0.677840000000000,0.813090000000000,0.820210000000000,0.430190000000000,1,0.206190000000000,0.805410000000000,-0.438720000000000,1,-0.791350000000000,0.770920000000000,-1,0.402680000000000,-0.390460000000000,-0.586340000000000,-0.979070000000000,-0.428220000000000,-0.730830000000000,-0.763390000000000,-0.376710000000000,-0.974910000000000,0.413660000000000,-1,0.417780000000000,-0.932960000000000,0.257730000000000,-1,0.935700000000000,-0.352220000000000,0.988160000000000,0.0344600000000000,2
1,0,1,1,1,-1,1,-1,1,1,1,1,1,1,1,-1,1,1,1,1,1,1,1,1,1,1,1,0.500000000000000,0,0,1,-1,1,-1,1
1,0,1,0.0352900000000000,1,0.182810000000000,1,0.269680000000000,1,0.250680000000000,1,0.287780000000000,1,0.386430000000000,1,0.316740000000000,1,0.657010000000000,1,0.538460000000000,1,0.612670000000000,1,0.594570000000000,0.895930000000000,0.683260000000000,0.895020000000000,0.713740000000000,0.856110000000000,0.671490000000000,0.743890000000000,0.856110000000000,0.714930000000000,0.758370000000000,2
0,0,1,-1,1,1,-1,-1,1,-1,0,0,0,0,-1,1,1,-1,1,-1,-0.750000000000000,1,1,-1,1,-1,1,-1,-1,-1,0,0,1,-1,1
1,0,0.960870000000000,0.0862000000000000,0.967600000000000,0.192790000000000,0.960260000000000,0.274510000000000,0.980440000000000,0.350520000000000,0.928670000000000,0.462810000000000,0.862650000000000,0.525170000000000,0.828200000000000,0.587940000000000,0.732420000000000,0.690650000000000,0.690030000000000,0.731400000000000,0.544730000000000,0.688200000000000,0.483390000000000,0.761970000000000,0.406150000000000,0.746890000000000,0.334010000000000,0.837960000000000,0.249440000000000,0.860610000000000,0.137560000000000,0.868350000000000,0.0904800000000000,0.862850000000000,2
1,0,0.694440000000000,0.388890000000000,0,0,-0.329370000000000,0.698410000000000,0,0,0,0,0,0,0.206350000000000,-0.242060000000000,0.210320000000000,0.194440000000000,0.464290000000000,0.781750000000000,0,0,0,0,0.734130000000000,0.273810000000000,0.761900000000000,0.634920000000000,0,0,0,0,0,0,1
1,0,1,0.0507000000000000,1,0.108270000000000,1,0.194980000000000,1,0.284530000000000,1,0.348260000000000,1,0.382610000000000,0.945750000000000,0.428810000000000,0.891260000000000,0.503910000000000,0.759060000000000,0.588010000000000,0.806440000000000,0.599620000000000,0.795780000000000,0.627580000000000,0.666430000000000,0.639420000000000,0.594170000000000,0.694350000000000,0.495380000000000,0.726840000000000,0.470270000000000,0.716890000000000,0.333810000000000,0.752430000000000,2
0,0,1,1,0,0,1,-1,1,-1,1,1,1,1,1,-1,1,1,1,1,1,-1,-1,-1,1,-1,1,-1,1,1,0,0,1,-1,1
1,0,1,0.0407800000000000,1,0.119820000000000,1,0.161590000000000,1,0.279210000000000,0.987030000000000,0.308890000000000,0.927450000000000,0.376390000000000,0.911180000000000,0.397490000000000,0.819390000000000,0.460590000000000,0.786190000000000,0.469940000000000,0.794000000000000,0.562820000000000,0.703310000000000,0.581290000000000,0.670770000000000,0.597230000000000,0.589030000000000,0.609900000000000,0.539520000000000,0.609320000000000,0.453120000000000,0.636360000000000,0.404420000000000,0.626580000000000,2
0,0,1,1,1,-1,1,1,1,1,1,1,1,1,1,1,1,-1,-1,1,-1,1,-1,1,1,-1,1,1,-1,1,-1,-1,-1,1,1
1,0,1,0.241680000000000,1,0.485900000000000,1,0.729730000000000,1,1,1,1,1,1,1,0.771280000000000,1,1,1,1,0.744680000000000,1,0.896470000000000,1,0.646280000000000,1,0.382550000000000,1,0.108190000000000,1,-0.173700000000000,1,-0.813830000000000,1,2
0,0,1,1,1,-1,1,1,-1,1,0,0,1,1,0,0,0,0,-1,1,-1,1,1,1,1,-1,1,1,1,1,1,-1,-1,1,1
1,0,1,-0.0660400000000000,1,0.629370000000000,1,0.0955700000000000,1,0.202800000000000,1,-1,1,-0.405590000000000,1,-0.158510000000000,1,0.0489500000000000,1,-0.615380000000000,1,-0.265730000000000,1,-1,1,-0.580420000000000,1,-0.813720000000000,1,-1,1,-0.785550000000000,1,-0.482520000000000,2
0,0,1,-1,1,1,1,1,1,1,1,1,1,-1,1,-1,1,1,1,-1,1,1,1,1,1,-1,1,1,1,-1,1,1,1,-1,1
1,0,0.922770000000000,0.0780400000000000,0.926790000000000,0.162510000000000,0.897020000000000,0.246180000000000,0.841110000000000,0.351970000000000,0.788010000000000,0.421960000000000,0.707160000000000,0.469830000000000,0.707960000000000,0.564760000000000,0.604590000000000,0.642000000000000,0.512470000000000,0.649240000000000,0.399030000000000,0.669750000000000,0.342320000000000,0.683430000000000,0.236930000000000,0.761460000000000,0.187650000000000,0.738850000000000,0.0969400000000000,0.710380000000000,0.0273500000000000,0.770720000000000,-0.0402300000000000,0.695090000000000,2
1,0,0.681980000000000,-0.173140000000000,0.823320000000000,0.219080000000000,0.466430000000000,0.328620000000000,0.257950000000000,0.583040000000000,1,-0.151940000000000,0.0106000000000000,0.445230000000000,0.0106000000000000,0.388690000000000,0.186810000000000,0.411680000000000,0.105670000000000,0.363530000000000,0.0432500000000000,0.307450000000000,-0.000830000000000000,0.249360000000000,-0.0286200000000000,0.194050000000000,-0.0431400000000000,0.144810000000000,-0.0477900000000000,0.103490000000000,-0.0458500000000000,0.0706400000000000,-0.0401300000000000,0.0458600000000000,1
1,0,0.748520000000000,-0.0281100000000000,0.656800000000000,-0.0517800000000000,0.806210000000000,0.0281100000000000,0.859470000000000,0.0251500000000000,0.634620000000000,0.0872800000000000,0.715980000000000,0.0784000000000000,0.730770000000000,0.0517800000000000,0.785500000000000,-0.278110000000000,0.659760000000000,-0.0147900000000000,0.786980000000000,0.0695300000000000,0.346150000000000,-0.186390000000000,0.653850000000000,0.0281100000000000,0.610090000000000,-0.0663700000000000,0.535500000000000,-0.211540000000000,0.590240000000000,-0.140530000000000,0.563610000000000,0.0295900000000000,2
1,0,0.391790000000000,-0.0634300000000000,0.974640000000000,0.0432800000000000,1,1,0.358210000000000,0.152990000000000,0.544780000000000,0.130600000000000,0.615670000000000,-0.820900000000000,0.578360000000000,0.679100000000000,0.667910000000000,-0.104480000000000,0.466420000000000,-0.115670000000000,0.655740000000000,0.147920000000000,0.832090000000000,0.455220000000000,0.470150000000000,0.164180000000000,0.493090000000000,0.146300000000000,0.324630000000000,-0.0261200000000000,0.391180000000000,0.135210000000000,0.344110000000000,0.127550000000000,1
1,0,0.675470000000000,0.0452800000000000,0.769810000000000,-0.105660000000000,0.773580000000000,0.0377400000000000,0.660380000000000,-0.0452800000000000,0.645280000000000,0.0113200000000000,0.667920000000000,-0.139620000000000,0.720750000000000,-0.0226400000000000,0.769810000000000,0.0867900000000000,0.618870000000000,-0.0792500000000000,0.758490000000000,-0.237740000000000,0.739620000000000,-0.147170000000000,0.849060000000000,-0.150940000000000,0.738860000000000,-0.0580100000000000,0.667920000000000,0.0226400000000000,0.864150000000000,0.0377400000000000,0.732080000000000,0.00755000000000000,2
1,0,0.727270000000000,-0.0500000000000000,0.892410000000000,0.0346200000000000,1,0.727270000000000,0.663640000000000,-0.0590900000000000,0.481820000000000,-0.168180000000000,0.818090000000000,0.0955900000000000,0.568180000000000,1,0.504550000000000,0.218180000000000,0.668180000000000,0.100000000000000,1,-0.300000000000000,0.986360000000000,-1,0.572730000000000,0.327270000000000,0.569820000000000,0.146730000000000,0.422730000000000,0.0818200000000000,0.489270000000000,0.146430000000000,1,1,1
1,0,0.576470000000000,-0.0156900000000000,0.403920000000000,0,0.384310000000000,0.129410000000000,0.400000000000000,-0.0588200000000000,0.564710000000000,0.141180000000000,0.466670000000000,0.0823500000000000,0.525490000000000,-0.0549000000000000,0.580390000000000,0.0156900000000000,0.501960000000000,0,0.458820000000000,0.0666700000000000,0.580390000000000,0.0823500000000000,0.498040000000000,0.00392000000000000,0.486010000000000,0.100390000000000,0.462750000000000,0.0823500000000000,0.450980000000000,0.235290000000000,0.431370000000000,0.172550000000000,2
1,0,0.419320000000000,0.124820000000000,0.350000000000000,0.125000000000000,0.231820000000000,0.279550000000000,-0.0363600000000000,0.443180000000000,0.0451700000000000,0.361940000000000,-0.190910000000000,0.336360000000000,-0.133500000000000,0.273220000000000,0.0272700000000000,0.404550000000000,-0.347730000000000,0.127270000000000,-0.200280000000000,0.0507800000000000,-0.186360000000000,0.363640000000000,-0.140030000000000,-0.0480200000000000,-0.0997100000000000,-0.0711400000000000,-1,-1,-0.0291600000000000,-0.0746400000000000,-0.00526000000000000,-0.0631400000000000,1
1,0,0.883050000000000,-0.219960000000000,1,0.363730000000000,0.824030000000000,0.192060000000000,0.850860000000000,0.0590100000000000,0.905580000000000,-0.0429200000000000,0.851930000000000,0.250000000000000,0.778970000000000,0.253220000000000,0.692060000000000,0.579400000000000,0.710300000000000,0.390560000000000,0.731760000000000,0.275750000000000,1,0.348710000000000,0.567600000000000,0.520390000000000,0.698110000000000,0.532350000000000,0.809010000000000,0.585840000000000,0.430260000000000,0.709230000000000,0.523610000000000,0.541850000000000,2
1,0,0.845570000000000,-0.0858000000000000,-0.317450000000000,-0.805530000000000,-0.0896100000000000,-0.564350000000000,0.806480000000000,0.0457600000000000,0.895140000000000,-0.00763000000000000,-0.184940000000000,0.639660000000000,-0.200190000000000,-0.680650000000000,0.857010000000000,-0.113440000000000,0.779790000000000,-0.157290000000000,-0.0695900000000000,0.508100000000000,-0.341280000000000,0.809340000000000,0.789320000000000,-0.0371800000000000,0.708820000000000,-0.252880000000000,0.778840000000000,-0.141090000000000,-0.213540000000000,-0.781700000000000,-0.184940000000000,-0.598670000000000,1
1,0,0.708700000000000,-0.247830000000000,0.643480000000000,0.0434800000000000,0.452170000000000,0.382610000000000,0.652170000000000,0.182610000000000,0.500000000000000,0.269570000000000,0.578260000000000,-0.230430000000000,0.504350000000000,0.378260000000000,0.386960000000000,-0.426090000000000,0.360870000000000,-0.260870000000000,0.269570000000000,0.117390000000000,0.532460000000000,-0.0384500000000000,0.313040000000000,-0.121740000000000,0.499300000000000,-0.0426400000000000,0.483480000000000,-0.0444800000000000,0.643480000000000,-0.252170000000000,0.504350000000000,0.147830000000000,2
1,0,-0.541800000000000,0.148610000000000,-0.337460000000000,0.733750000000000,0.520120000000000,-0.139320000000000,0.318890000000000,-0.0681100000000000,0.207430000000000,-0.151700000000000,0.473680000000000,0.0897800000000000,0.563470000000000,-0.154800000000000,0.164090000000000,0.452010000000000,0.337460000000000,0.0340600000000000,0.504640000000000,0.0712100000000000,-0.637770000000000,-0.616100000000000,1,0.656350000000000,0.413480000000000,-0.401160000000000,-0.151700000000000,0.111460000000000,0.0239900000000000,0.558200000000000,0.526320000000000,-0.0897800000000000,1
1,0,0.292020000000000,0.135820000000000,0.453310000000000,0.168080000000000,0.517830000000000,-0.00509000000000000,0.526320000000000,0.208830000000000,0.524620000000000,-0.166380000000000,0.473680000000000,-0.0475400000000000,0.555180000000000,0.0390500000000000,0.816640000000000,-0.224110000000000,0.424450000000000,-0.0424400000000000,0.349750000000000,0.0662100000000000,0.281830000000000,-0.208830000000000,0.517310000000000,-0.0317600000000000,0.503690000000000,-0.0335100000000000,0.346350000000000,0.0984700000000000,0.707980000000000,-0.0186800000000000,0.395590000000000,-0.0322600000000000,2
1,0,0.791570000000000,0.168510000000000,0,0,0.565410000000000,0.0687400000000000,0.394680000000000,1,0.383590000000000,0.995570000000000,-0.0243900000000000,0.532150000000000,0.237250000000000,0.128600000000000,-0.0266100000000000,0.951220000000000,-0.509980000000000,0.849220000000000,-0.102000000000000,0.388030000000000,-0.425720000000000,0.237250000000000,-0.915740000000000,0.807100000000000,-0.341460000000000,0.882480000000000,-1,0.694010000000000,-1,0.128600000000000,0,0,1
1,0,0.901160000000000,0.166070000000000,0.792990000000000,0.373790000000000,0.729900000000000,0.505150000000000,0.597840000000000,0.729970000000000,0.443030000000000,0.811520000000000,0.244120000000000,0.874930000000000,0.0643800000000000,0.850380000000000,-0.126110000000000,0.873960000000000,-0.287390000000000,0.796170000000000,-0.466350000000000,0.659240000000000,-0.571350000000000,0.538050000000000,-0.681590000000000,0.399510000000000,-0.718440000000000,0.258350000000000,-0.723690000000000,0.112180000000000,-0.714750000000000,-0.0552500000000000,-0.676990000000000,-0.199040000000000,2
1,0,0.977140000000000,0.190490000000000,0.826830000000000,0.462590000000000,0.717710000000000,0.587320000000000,0.479680000000000,0.842780000000000,0.314090000000000,0.926430000000000,0.102890000000000,0.939450000000000,-0.132540000000000,0.842900000000000,-0.320200000000000,0.916240000000000,-0.521450000000000,0.795250000000000,-0.682740000000000,0.495080000000000,-0.774080000000000,0.335370000000000,-0.853760000000000,0.178490000000000,-0.833140000000000,-0.0135800000000000,-0.823660000000000,-0.193210000000000,-0.672890000000000,-0.336620000000000,-0.599430000000000,-0.497000000000000,2
1,0,-1,-1,0,0,0.508140000000000,-0.785020000000000,0.605860000000000,0.328990000000000,-1,-0.413680000000000,0,0,0,0,1,-0.267100000000000,0.364820000000000,-0.635180000000000,0.970680000000000,-1,-1,-1,1,-0.596090000000000,-1,-1,-1,-1,1,-1,0,0,1
1,0,0.740840000000000,0.0497400000000000,0.790740000000000,0.0254300000000000,0.785750000000000,0.0379300000000000,0.662300000000000,0.0994800000000000,0.678010000000000,0.311520000000000,0.759340000000000,0.0734800000000000,0.746950000000000,0.0844200000000000,0.706810000000000,-0.0785300000000000,0.636130000000000,0,0.700210000000000,0.113550000000000,0.681830000000000,0.121850000000000,0.670160000000000,0.154450000000000,0.641580000000000,0.136080000000000,0.657070000000000,0.175390000000000,0.597590000000000,0.146970000000000,0.574550000000000,0.151140000000000,2
1,0,1,-1,0,0,0.779410000000000,-0.992650000000000,0.808820000000000,0.551470000000000,-0.419120000000000,-0.948530000000000,0,0,0,0,0.720590000000000,-0.772060000000000,0.735290000000000,-0.602940000000000,0,0,0.183820000000000,-1,-1,-1,-1,-1,1,-1,1,-1,0,0,1
1,0,1,0.0170900000000000,0.962150000000000,-0.0314200000000000,1,-0.0343600000000000,1,-0.0507100000000000,0.990260000000000,-0.0709200000000000,0.991730000000000,-0.0900200000000000,1,-0.157270000000000,1,-0.142570000000000,0.983100000000000,-0.118130000000000,1,-0.185190000000000,1,-0.192720000000000,0.989710000000000,-0.220830000000000,0.964900000000000,-0.202430000000000,0.945990000000000,-0.171230000000000,0.964360000000000,-0.225610000000000,0.870110000000000,-0.232960000000000,2
0,0,0,0,0,0,0,0,0,0,0,0,0,0,0,0,0,0,0,0,0,0,0,0,0,0,1,-1,0,0,0,0,0,0,1
1,0,0.957040000000000,-0.120950000000000,0.633180000000000,-0.126900000000000,0.963650000000000,-0.182420000000000,0.970260000000000,0.0846000000000000,0.920030000000000,-0.0112400000000000,0.835430000000000,-0.247190000000000,1,-0.313950000000000,0.992730000000000,-0.212160000000000,0.986780000000000,-0.210180000000000,1,-0.271650000000000,0.931260000000000,-0.394580000000000,1,-0.192330000000000,0.887930000000000,-0.315650000000000,0.814280000000000,-0.237280000000000,0.890950000000000,-0.318570000000000,0.695310000000000,-0.415730000000000,2
1,0,0.284090000000000,-0.318180000000000,0,0,0.681820000000000,-1,0.306820000000000,0.958330000000000,0.643940000000000,0.0643900000000000,0.348480000000000,-0.848480000000000,0,0,0.590910000000000,-0.359850000000000,0.450760000000000,-0.806820000000000,0,0,0,0,0.242420000000000,0.178030000000000,1,-0.238640000000000,0.0606100000000000,-0.484850000000000,0.162880000000000,-0.700760000000000,0,0,1
1,0,0.944900000000000,-0.493110000000000,1,-0.0369200000000000,0.988980000000000,-0.870520000000000,0.900830000000000,0.669420000000000,1,-0.101040000000000,1,-0.124930000000000,1,-0.150170000000000,1,-0.176810000000000,1,-0.204910000000000,1,-0.234520000000000,1,-0.265710000000000,1,-0.298520000000000,1,-0.333040000000000,1,-0.369310000000000,1,-0.407400000000000,1,-0.447390000000000,2
1,0,0,0,0,0,0,0,0,0,0.621950000000000,1,0,0,0,0,0.365850000000000,-0.719510000000000,0.560980000000000,-1,0,0,0,0,0,0,1,0.109760000000000,0,0,0,0,0,0,1
1,0,0.994490000000000,0.00526000000000000,0.840820000000000,-0.113130000000000,0.882370000000000,-0.164310000000000,0.990610000000000,-0.0625700000000000,0.964840000000000,-0.0749600000000000,0.852210000000000,0.0296600000000000,0.871610000000000,-0.208480000000000,0.938810000000000,-0.129770000000000,0.982980000000000,-0.0893500000000000,0.898760000000000,0.000750000000000000,0.878360000000000,-0.0588200000000000,0.933680000000000,-0.198720000000000,0.875790000000000,-0.178060000000000,0.942940000000000,-0.165810000000000,0.802530000000000,-0.257410000000000,0.765860000000000,-0.277940000000000,2
1,0,0.101350000000000,0.108110000000000,0,0,0,0,0.547300000000000,0.824320000000000,0.310810000000000,1,0,0,0,0,0.371620000000000,-1,0.331080000000000,-1,0,0,0,0,-0.425680000000000,-1,1,-1,0.554050000000000,-0.236490000000000,0,0,0,0,1
1,0,1,-0.572240000000000,0.991500000000000,-0.733710000000000,0.895180000000000,-0.974500000000000,1,-0.358180000000000,1,-0.232290000000000,0.628900000000000,-0.864020000000000,1,-0.575350000000000,1,-0.796030000000000,0.767710000000000,-0.889520000000000,0.966010000000000,-1,0.701200000000000,-0.748960000000000,0.619460000000000,-0.769040000000000,0.537770000000000,-0.779860000000000,0.810200000000000,-1,1,-1,0.304450000000000,-0.761120000000000,2
1,0,0.659090000000000,-0.628790000000000,0,0,0,0,0.772730000000000,1,1,-0.280300000000000,0,0,0,0,0.621210000000000,-0.227270000000000,0.840910000000000,-1,1,-1,0,0,0,0,1,-0.939390000000000,-0.128790000000000,-0.931820000000000,0,0,0,0,1
1,0,0.862840000000000,0.193100000000000,0.809200000000000,0.411490000000000,0.672030000000000,0.557850000000000,0.545590000000000,0.699620000000000,0.367050000000000,0.815330000000000,0.196170000000000,0.856710000000000,-0.0406100000000000,0.862840000000000,-0.172410000000000,0.757850000000000,-0.341000000000000,0.657470000000000,-0.481990000000000,0.560920000000000,-0.602300000000000,0.409960000000000,-0.592340000000000,0.257470000000000,-0.630380000000000,0.0881800000000000,-0.572410000000000,-0.0781600000000000,-0.548660000000000,-0.199230000000000,-0.429120000000000,-0.319540000000000,2
1,0,0.420000000000000,-0.610000000000000,0,0,1,-1,0.900000000000000,1,0.430000000000000,0.640000000000000,0,0,0,0,0.670000000000000,-0.290000000000000,0.840000000000000,-1,0,0,0,0,0.210000000000000,0.680000000000000,1,0.220000000000000,0,0,0,0,0,0,1
1,0,1,0.233950000000000,0.914040000000000,0.520130000000000,0.780200000000000,0.721440000000000,0.476600000000000,0.842220000000000,0.276390000000000,0.917300000000000,0.0946700000000000,0.882480000000000,-0.219800000000000,0.914040000000000,-0.341680000000000,0.755170000000000,-0.513600000000000,0.645270000000000,-0.645270000000000,0.446140000000000,-0.741020000000000,0.291620000000000,-0.708380000000000,0.0359100000000000,-0.717310000000000,-0.119430000000000,-0.649620000000000,-0.281830000000000,-0.512510000000000,-0.445050000000000,-0.374320000000000,-0.533190000000000,2
1,0,0.913530000000000,0.815860000000000,-0.729730000000000,1,-0.394660000000000,0.557350000000000,0.0540500000000000,0.297300000000000,-0.185990000000000,-0.102410000000000,-0.0315800000000000,-0.0897000000000000,0.0140100000000000,-0.0340300000000000,0.0110800000000000,-0.00537000000000000,0.00342000000000000,0.000970000000000000,0.000480000000000000,0.000750000000000000,-3.00000000000000e-05,0.000190000000000000,-3.00000000000000e-05,2.00000000000000e-05,-1.00000000000000e-05,0,0,0,0,0,0,0,1
1,0,0.214290000000000,-0.0952400000000000,0.333330000000000,0.0714300000000000,0.190480000000000,0.190480000000000,0.238100000000000,0.0952400000000000,0.404760000000000,0.0238100000000000,0.309520000000000,-0.0476200000000000,0.309520000000000,-0.0476200000000000,0.285710000000000,-0.119050000000000,0.333330000000000,0.0476200000000000,0.309520000000000,0,0.214290000000000,-0.119050000000000,0.357140000000000,-0.0476200000000000,0.221090000000000,-0.0229000000000000,0.190480000000000,0,0.169970000000000,-0.0203400000000000,0.146940000000000,-0.0187700000000000,2
1,0,1,-0.147540000000000,1,0.0491800000000000,0.573770000000000,-0.0163900000000000,0.655740000000000,0.0163900000000000,0.852460000000000,-0.0327900000000000,0.721310000000000,0,0.688520000000000,-0.163930000000000,0.196720000000000,-0.147540000000000,0.655580000000000,-0.171760000000000,0.672130000000000,0.0327900000000000,1,-0.295080000000000,0.311480000000000,-0.344260000000000,0.523850000000000,-0.203250000000000,0.327870000000000,-0.0327900000000000,0.278690000000000,-0.442620000000000,0.491800000000000,-0.0655700000000000,1
1,0,0.981820000000000,0,0.886270000000000,0.0313100000000000,0.862490000000000,0.0457200000000000,0.800000000000000,0,0.690910000000000,0.0454500000000000,0.793430000000000,0.0843600000000000,0.771180000000000,0.0957900000000000,0.627270000000000,0.254550000000000,0.681820000000000,0.127270000000000,0.706740000000000,0.126080000000000,0.686040000000000,0.134930000000000,0.745450000000000,0.227270000000000,0.645810000000000,0.150880000000000,0.672730000000000,0.0272700000000000,0.607150000000000,0.164650000000000,0.588400000000000,0.170770000000000,2
1,0,0.392860000000000,0.523810000000000,-0.788240000000000,0.113420000000000,-0.166280000000000,-0.763780000000000,0.666670000000000,0.0119000000000000,0.821430000000000,0.404760000000000,-0.672300000000000,0.307290000000000,-0.347970000000000,-0.636680000000000,0.464290000000000,0.154760000000000,0.547620000000000,0.0595200000000000,-0.518300000000000,0.449610000000000,-0.476510000000000,-0.475940000000000,0.321430000000000,0.702380000000000,0.519710000000000,0.388480000000000,0.571430000000000,0.392860000000000,-0.548910000000000,-0.299150000000000,0.254410000000000,-0.558370000000000,1
1,0,0.868890000000000,-0.0711100000000000,1,-0.0249400000000000,1,-0.0688900000000000,0.877780000000000,0.00222000000000000,0.835560000000000,-0.0644400000000000,1,-0.0728700000000000,1,-0.200000000000000,0.868890000000000,0.0533300000000000,0.880000000000000,-0.0377800000000000,1,-0.115260000000000,1,-0.186670000000000,0.844440000000000,0.0355600000000000,1,-0.141620000000000,0.822220000000000,-0.146670000000000,1,-0.156090000000000,1,-0.442220000000000,2
1,0,0.436360000000000,-0.127270000000000,0.581820000000000,-0.145450000000000,0.181820000000000,-0.672730000000000,0.345450000000000,-0.0363600000000000,0.290910000000000,-0.0545500000000000,0.290910000000000,0.290910000000000,0.363640000000000,-0.418180000000000,0.200000000000000,-0.0181800000000000,0.363640000000000,0.0545500000000000,0.127270000000000,0.490910000000000,0.618180000000000,0.163640000000000,0.327270000000000,0.163640000000000,0.410980000000000,-0.0702700000000000,0.345450000000000,-0.0545500000000000,0.127270000000000,-0.363640000000000,0.290910000000000,-0.290910000000000,1
1,0,1,-0.924530000000000,1,0.754720000000000,0.490570000000000,-0.0566000000000000,0.622640000000000,0,1,-0.000540000000000000,0.452830000000000,0.0754700000000000,0.622640000000000,-0.0566000000000000,0.988780000000000,-0.000850000000000000,0.528300000000000,0,0.528300000000000,0.0754700000000000,0.951900000000000,-0.00112000000000000,1,0.792450000000000,0.921920000000000,-0.00128000000000000,0.943400000000000,-1,1,0.433960000000000,0.433960000000000,-0.113210000000000,2
1,0,0.738100000000000,0.833330000000000,-0.761900000000000,-0.238100000000000,0.333330000000000,-0.142860000000000,0.452380000000000,-0.142860000000000,-0.672850000000000,0.128080000000000,0.333330000000000,0,0.285710000000000,-0.0714300000000000,-0.382140000000000,0.511630000000000,0.238100000000000,0.0238100000000000,0.452380000000000,0.0476200000000000,0.166670000000000,-0.261900000000000,-0.572550000000000,-0.102340000000000,0.248890000000000,-0.510790000000000,1,0,-0.666670000000000,-0.0476200000000000,0.261900000000000,0.0238100000000000,1
1,0,0.437500000000000,0.0416700000000000,0.583330000000000,-0.104170000000000,0.395830000000000,0,0.333330000000000,-0.0625000000000000,0.479170000000000,0,0.291670000000000,0.104170000000000,0.541670000000000,0.0208300000000000,0.437500000000000,-0.229170000000000,0.354170000000000,-0.229170000000000,0.333330000000000,0.0833300000000000,0.250000000000000,0.187500000000000,0.395830000000000,-0.187500000000000,0.440120000000000,-0.100640000000000,0.416670000000000,-0.0833300000000000,0.583330000000000,-0.312500000000000,0.333330000000000,-0.0625000000000000,2
1,0,1,1,0,0,0,0,0,0,0.477440000000000,-0.890980000000000,-0.515040000000000,0.454890000000000,-0.954890000000000,0.285710000000000,0.646620000000000,1,0,0,0,0,0.620300000000000,0.203010000000000,-1,-1,1,-1,1,1,0,0,0,0,1
1,0,0.952170000000000,0.0659500000000000,0.936140000000000,0.130300000000000,0.909960000000000,0.191520000000000,0.848810000000000,-0.499620000000000,0.900230000000000,0.613200000000000,0.779370000000000,0.343280000000000,0.722540000000000,0.379880000000000,0.661450000000000,0.408440000000000,0.954720000000000,0.598620000000000,0.532580000000000,0.440880000000000,0.467730000000000,0.445110000000000,0.404400000000000,0.441990000000000,0.343740000000000,0.432210000000000,0.903300000000000,1,0.234050000000000,0.396200000000000,0.186320000000000,0.371910000000000,2
1,0,0.598400000000000,0.403320000000000,0.828090000000000,0.805210000000000,0.760010000000000,0.707090000000000,0.840100000000000,-0.109840000000000,0.973110000000000,0.0798100000000000,0.958240000000000,-0.857270000000000,0.919620000000000,0.884440000000000,0.954520000000000,-0.0520600000000000,0.886730000000000,0.181350000000000,0.984840000000000,-0.695940000000000,0.866700000000000,-0.857550000000000,0.286040000000000,-0.300630000000000,1,0.170760000000000,0.629580000000000,0.426770000000000,0.877570000000000,0.810070000000000,0.819790000000000,0.688220000000000,1
1,0,0.958820000000000,0.101290000000000,1,-0.0191800000000000,0.983130000000000,0.0255500000000000,0.969740000000000,-0.0931600000000000,0.989550000000000,-0.0271600000000000,0.979800000000000,-0.0309600000000000,1,-0.0534300000000000,1,-0.0517900000000000,0.938400000000000,0.0155700000000000,0.976200000000000,-0.0928400000000000,0.978890000000000,-0.0531800000000000,0.915670000000000,-0.156750000000000,0.956770000000000,-0.0699500000000000,0.909780000000000,0.0130700000000000,1,-0.107970000000000,0.931440000000000,-0.0688800000000000,2
1,0,0,0,-0.336720000000000,0.853880000000000,0,0,0.688690000000000,-1,0.970780000000000,0.313850000000000,-0.260480000000000,-0.592120000000000,-0.302410000000000,0.655650000000000,0.941550000000000,0.163910000000000,0,0,0,0,-0.180430000000000,-1,0,0,1,-1,0,0,0.0444700000000000,0.618810000000000,0,0,1
1,0,0.969330000000000,0.00876000000000000,1,0.00843000000000000,0.986580000000000,-0.00763000000000000,0.978680000000000,-0.0284400000000000,0.998200000000000,-0.0351000000000000,1,-0.0127100000000000,1,-0.0258100000000000,1,-0.0117500000000000,0.984850000000000,0.000250000000000000,1,-0.0261200000000000,1,-0.0474400000000000,0.960190000000000,-0.0452700000000000,0.991880000000000,-0.0347300000000000,0.970200000000000,-0.0247800000000000,1,-0.0385500000000000,0.984200000000000,-0.0411200000000000,2
1,0,0,0,0.989190000000000,-0.227030000000000,0.189190000000000,-0.0540500000000000,0,0,0.932430000000000,0.0729700000000000,1,-0.200000000000000,1,0.0702700000000000,1,-0.113510000000000,0,0,1,-0.210810000000000,1,-0.416220000000000,0,0,1,-0.175680000000000,0,0,1,-0.259460000000000,0.289190000000000,-0.156760000000000,1
1,0,0.641220000000000,0.0140300000000000,0.341460000000000,-0.0243900000000000,0.527510000000000,0.0346600000000000,0.195120000000000,0.121950000000000,0.433130000000000,0.0475500000000000,0.219510000000000,0.0487800000000000,0.292680000000000,0,0.365850000000000,0,0.317070000000000,0.0731700000000000,0.268290000000000,0.121950000000000,0.236980000000000,0.0581300000000000,0.219510000000000,0.0975600000000000,0.193040000000000,0.0564100000000000,0.174100000000000,0.0550400000000000,0.195120000000000,0,0.170730000000000,0.0731700000000000,2
1,0,1,1,1,-1,0,0,0,0,1,1,1,-1,1,1,1,-1,0,0,0,0,1,-0.277780000000000,0,0,1,-1,1,1,1,-1,0,0,1
1,0,0.346940000000000,0.204080000000000,0.469390000000000,0.244900000000000,0.408160000000000,0.204080000000000,0.469390000000000,0.448980000000000,0.306120000000000,0.591840000000000,0.122450000000000,0.551020000000000,0,0.510200000000000,-0.0612200000000000,0.551020000000000,-0.204080000000000,0.551020000000000,-0.285710000000000,0.448980000000000,-0.285710000000000,0.326530000000000,-0.612240000000000,0.224490000000000,-0.465790000000000,0.148950000000000,-0.591840000000000,0.183670000000000,-0.346940000000000,0,-0.265310000000000,-0.244900000000000,2
1,0,0,0,1,-1,0,0,0,0,1,1,1,-0.253420000000000,1,0.232880000000000,1,-1,0,0,0,0,1,1,0,0,1,-1,0,0,1,-1,0,0,1
1,0,0.897060000000000,0.382350000000000,0.911760000000000,0.375000000000000,0.742650000000000,0.676470000000000,0.455880000000000,0.779410000000000,0.191180000000000,0.889710000000000,-0.0220600000000000,0.860290000000000,-0.205880000000000,0.823530000000000,-0.375000000000000,0.676470000000000,-0.500000000000000,0.477940000000000,-0.735290000000000,0.382350000000000,-0.860290000000000,0.0882400000000000,-0.742650000000000,-0.125000000000000,-0.679250000000000,-0.241310000000000,-0.551470000000000,-0.426470000000000,-0.441180000000000,-0.507350000000000,-0.286760000000000,-0.566180000000000,2
1,0,-1,0.281050000000000,0.222220000000000,0.150330000000000,-0.756930000000000,-0.709840000000000,-0.307190000000000,0.712420000000000,-1,1,-0.816990000000000,0.339870000000000,-0.790850000000000,-0.0261400000000000,-0.980390000000000,-0.830070000000000,-0.601310000000000,-0.542480000000000,-0.0457500000000000,-0.830070000000000,0.941180000000000,-0.941180000000000,-1,-0.431370000000000,0.743850000000000,0.0917600000000000,-1,0.0522900000000000,0.183010000000000,0.0261400000000000,-0.402010000000000,-0.482410000000000,1
1,0,0.266670000000000,-0.100000000000000,0.533330000000000,0,0.333330000000000,-0.133330000000000,0.366670000000000,0.116670000000000,0.566670000000000,0.0166700000000000,0.716670000000000,0.0833300000000000,0.700000000000000,-0.0666700000000000,0.533330000000000,0.200000000000000,0.416670000000000,-0.0166700000000000,0.316670000000000,0.200000000000000,0.700000000000000,0,0.250000000000000,0.133330000000000,0.462140000000000,0.0543900000000000,0.400000000000000,0.0333300000000000,0.466670000000000,0.0333300000000000,0.416670000000000,-0.0500000000000000,2
1,0,-0.266670000000000,0.400000000000000,-0.273030000000000,0.121590000000000,-0.177780000000000,-0.0444400000000000,0.0619200000000000,-0.0687900000000000,0.0446100000000000,0.0257500000000000,-0.00885000000000000,0.0272600000000000,-0.0158600000000000,-0.00166000000000000,-0.000930000000000000,-0.00883000000000000,0.00470000000000000,-0.00153000000000000,0.00138000000000000,0.00238000000000000,-0.00114000000000000,0.00102000000000000,-0.000690000000000000,-0.000500000000000000,0.000190000000000000,-0.000430000000000000,0.000260000000000000,5.00000000000000e-05,0,0.000150000000000000,-8.00000000000000e-05,2.00000000000000e-05,1
1,0,1,-0.378380000000000,0.648650000000000,0.297300000000000,0.648650000000000,-0.243240000000000,0.864860000000000,0.189190000000000,1,-0.270270000000000,0.513510000000000,0,0.621620000000000,-0.0540500000000000,0.324320000000000,-0.216220000000000,0.718330000000000,-0.176660000000000,0.621620000000000,0.0540500000000000,0.756760000000000,0.135140000000000,0.351350000000000,-0.297300000000000,0.610310000000000,-0.221630000000000,0.584780000000000,-0.230270000000000,0.729730000000000,-0.594590000000000,0.513510000000000,-0.243240000000000,2
1,0,0.945310000000000,-0.0351600000000000,-1,-0.332030000000000,-1,-0.0156300000000000,0.972660000000000,0.0117200000000000,0.933590000000000,-0.0195300000000000,-1,0.164060000000000,-1,-0.00391000000000000,0.953130000000000,-0.0351600000000000,0.921880000000000,-0.0273400000000000,-0.992190000000000,0.117190000000000,-0.933590000000000,0.347660000000000,0.957030000000000,-0.00391000000000000,0.820410000000000,0.137580000000000,0.902340000000000,-0.0664100000000000,-1,-0.187500000000000,-1,-0.343750000000000,1
1,0,0.952020000000000,0.0225400000000000,0.937570000000000,-0.0127200000000000,0.935260000000000,0.0121400000000000,0.967050000000000,-0.0173400000000000,0.969360000000000,0.00520000000000000,0.956650000000000,-0.0306400000000000,0.952600000000000,-0.00405000000000000,0.994800000000000,-0.0265900000000000,0.997690000000000,0.0179200000000000,0.935840000000000,-0.0497100000000000,0.938150000000000,-0.0237000000000000,0.970520000000000,-0.0445100000000000,0.962150000000000,-0.0164700000000000,0.973990000000000,0.0190800000000000,0.954340000000000,-0.0341000000000000,0.958380000000000,0.00809000000000000,2
1,0,1,-0.0552900000000000,1,-1,0.500000000000000,-0.111110000000000,0.361110000000000,-0.222220000000000,1,-0.257120000000000,0.166670000000000,-0.111110000000000,1,-0.346600000000000,1,-0.388530000000000,1,-0.428620000000000,0,-0.250000000000000,1,-0.503330000000000,1,-0.277780000000000,1,-0.570920000000000,1,-0.277780000000000,1,-0.631560000000000,1,-0.659350000000000,1
1,0,0.310340000000000,-0.103450000000000,0.241380000000000,-0.103450000000000,0.206900000000000,-0.0689700000000000,0.0740500000000000,-0.0543100000000000,0.0364900000000000,-0.0368900000000000,0.0170700000000000,-0.0238300000000000,0.00741000000000000,-0.0148200000000000,0.00281000000000000,-0.00893000000000000,0.000780000000000000,-0.00523000000000000,-3.00000000000000e-05,-0.00299000000000000,-0.000280000000000000,-0.00166000000000000,-0.000310000000000000,-0.000900000000000000,-0.000250000000000000,-0.000480000000000000,-0.000180000000000000,-0.000240000000000000,-0.000120000000000000,-0.000120000000000000,-8.00000000000000e-05,-6.00000000000000e-05,2
1,0,0.627450000000000,-0.0784300000000000,0.725490000000000,0,0.607840000000000,-0.0784300000000000,0.627450000000000,-0.117650000000000,0.686270000000000,-0.117650000000000,0.666670000000000,-0.137250000000000,0.647060000000000,-0.0980400000000000,0.549020000000000,-0.117650000000000,0.549020000000000,-0.215690000000000,0.588240000000000,-0.196080000000000,0.666670000000000,-0.235290000000000,0.450980000000000,-0.254900000000000,0.524090000000000,-0.246680000000000,0.568630000000000,-0.313730000000000,0.431370000000000,-0.215690000000000,0.470590000000000,-0.274510000000000,1
1,0,0.250000000000000,0.166670000000000,0.466670000000000,0.266670000000000,0.190360000000000,0.239660000000000,0.0776600000000000,0.199390000000000,0.0107000000000000,0.149220000000000,-0.0236700000000000,0.101880000000000,-0.0368500000000000,0.0631700000000000,-0.0376600000000000,0.0345800000000000,-0.0323000000000000,0.0153200000000000,-0.0247400000000000,0.00357000000000000,-0.0172600000000000,-0.00273000000000000,-0.0109700000000000,-0.00539000000000000,-0.00621000000000000,-0.00586000000000000,-0.00294000000000000,-0.00520000000000000,-0.000890000000000000,-0.00408000000000000,0.000250000000000000,-0.00291000000000000,2
1,0,-0.656250000000000,0.156250000000000,0.0625000000000000,0,0,0.0625000000000000,0.625000000000000,0.0625000000000000,0.187500000000000,0,-0.0312500000000000,0.0937500000000000,0.0625000000000000,0,0.156250000000000,-0.156250000000000,0.437500000000000,-0.375000000000000,0,-0.0937500000000000,0,0,0.0312500000000000,-0.468750000000000,0.0312500000000000,0,-0.718750000000000,0.0312500000000000,-0.0312500000000000,0,0,0.0937500000000000,1
1,0,1,-0.0108100000000000,1,-0.0270300000000000,1,-0.0648600000000000,0.951350000000000,-0.0162200000000000,0.989190000000000,-0.0324300000000000,0.989190000000000,0.0864900000000000,1,-0.0648600000000000,0.951350000000000,0.0918900000000000,0.978380000000000,-0.00541000000000000,1,0.0648600000000000,1,0.0432400000000000,0.978380000000000,0.0918900000000000,0.985560000000000,0.0125100000000000,1,-0.0324300000000000,1,0.0270300000000000,1,-0.0702700000000000,2
1,0,0.852710000000000,0.0542600000000000,1,0.0806900000000000,1,1,0.914730000000000,-0.00775000000000000,0.837210000000000,0.0387600000000000,1,0.271530000000000,1,1,0.813950000000000,0.0465100000000000,0.906980000000000,0.116280000000000,1,0.506700000000000,1,-1,0.806200000000000,0.0387600000000000,1,0.716130000000000,0.844960000000000,0.0697700000000000,1,0.873170000000000,1,1,1
1,0,0.903740000000000,-0.0160400000000000,1,0.0802100000000000,1,0.0160400000000000,0.930480000000000,0.00535000000000000,0.935830000000000,-0.0160400000000000,1,0,1,0.0641700000000000,1,0.0481300000000000,0.914440000000000,0.0427800000000000,0.967910000000000,0.0213900000000000,0.989300000000000,-0.0160400000000000,0.962570000000000,0.0534800000000000,0.969740000000000,0.0445200000000000,0.877010000000000,0.0107000000000000,1,0.0909100000000000,0.978610000000000,0.0641700000000000,2
1,0,-0.205000000000000,0.287500000000000,0.230000000000000,0.100000000000000,0.282500000000000,0.317500000000000,0.322500000000000,0.350000000000000,0.362850000000000,-0.346170000000000,0.0925000000000000,0.275000000000000,-0.0950000000000000,0.210000000000000,-0.0875000000000000,0.235000000000000,-0.341870000000000,0.314080000000000,-0.480000000000000,-0.0800000000000000,0.299080000000000,0.331760000000000,-0.580000000000000,-0.240000000000000,0.321900000000000,-0.284750000000000,-0.470000000000000,0.185000000000000,-0.271040000000000,-0.312280000000000,0.404450000000000,0.0305000000000000,1
1,0,0.600000000000000,0.0333300000000000,0.633330000000000,0.0666700000000000,0.700000000000000,0.0666700000000000,0.700000000000000,0,0.633330000000000,0,0.800000000000000,0,0.733330000000000,0,0.700000000000000,0.100000000000000,0.666670000000000,0.100000000000000,0.733330000000000,-0.0333300000000000,0.766670000000000,0,0.633330000000000,0.133330000000000,0.659320000000000,0.101680000000000,0.600000000000000,0.133330000000000,0.600000000000000,0.166670000000000,0.633330000000000,0.166670000000000,2
1,0,0.0586600000000000,-0.00838000000000000,0.0670400000000000,0.00838000000000000,0,-0.0111700000000000,0.00559000000000000,-0.0391100000000000,0.0167600000000000,-0.0754200000000000,-0.00559000000000000,0.0530700000000000,0.0642500000000000,-0.0335200000000000,0,0.0949700000000000,-0.0642500000000000,0.0754200000000000,-0.0474900000000000,0.0251400000000000,0.0279300000000000,-0.00559000000000000,0.00838000000000000,0.00559000000000000,0.103350000000000,-0.00838000000000000,0.0307300000000000,-0.00279000000000000,0.0446900000000000,0,0.0474900000000000,-0.0335200000000000,1
1,0,0.946530000000000,0.287130000000000,0.725540000000000,0.672480000000000,0.475640000000000,0.824550000000000,0.0126700000000000,0.891090000000000,-0.248710000000000,0.844750000000000,-0.476440000000000,0.560790000000000,-0.758810000000000,0.417430000000000,-0.664550000000000,0.0720800000000000,-0.654260000000000,-0.195250000000000,-0.524750000000000,-0.440000000000000,-0.308510000000000,-0.550890000000000,-0.0411900000000000,-0.647920000000000,0.160850000000000,-0.564200000000000,0.367520000000000,-0.419010000000000,0.460590000000000,-0.225350000000000,0.503760000000000,-0.0598000000000000,2
1,0,0.0546000000000000,0.0143700000000000,-0.0258600000000000,0.0459800000000000,0.0143700000000000,0.0459800000000000,-0.0775900000000000,0.00862000000000000,0.0172400000000000,-0.0660900000000000,-0.0373600000000000,0.0431000000000000,-0.0833300000000000,-0.0459800000000000,-0.0948300000000000,0.0804600000000000,-0.0402300000000000,0.0517200000000000,0.0201100000000000,0.0229900000000000,-0.0373600000000000,-0.0114900000000000,0.0316100000000000,-0.00862000000000000,0.00862000000000000,0.0172400000000000,0.0258600000000000,0.0114900000000000,0.0258600000000000,0.0114900000000000,-0.0459800000000000,-0.00575000000000000,1
1,0,0.724140000000000,-0.0108400000000000,0.797040000000000,0.0108400000000000,0.800000000000000,0.00197000000000000,0.790150000000000,0.0108400000000000,0.784240000000000,-0.00985000000000000,0.833500000000000,0.0325100000000000,0.851230000000000,0.0167500000000000,0.800990000000000,-0.00788000000000000,0.791130000000000,-0.0295600000000000,0.759610000000000,0.0335000000000000,0.747780000000000,0.0551700000000000,0.726110000000000,-0.0147800000000000,0.780410000000000,0.00612000000000000,0.740890000000000,-0.0502500000000000,0.829560000000000,0.0295600000000000,0.790150000000000,0.00788000000000000,2
1,0,0.0385200000000000,0.0256800000000000,0.00428000000000000,0,0.0199700000000000,-0.0199700000000000,0.0214000000000000,-0.0499300000000000,-0.0485000000000000,-0.0128400000000000,0.0142700000000000,-0.0228200000000000,0,-0.0328100000000000,-0.0470800000000000,-0.0285300000000000,-0.0171200000000000,0.0356600000000000,0.0214000000000000,0.00428000000000000,0.0513600000000000,-0.0228200000000000,0.0513600000000000,0.0185400000000000,0.0399400000000000,0.0156900000000000,0.0199700000000000,0.00713000000000000,-0.0256800000000000,-0.0185400000000000,-0.0142700000000000,0.0199700000000000,1
1,0,0.470900000000000,0.227510000000000,0.423280000000000,0.335980000000000,0.256610000000000,0.476190000000000,0.0185200000000000,0.494710000000000,-0.0211600000000000,0.539680000000000,-0.341270000000000,0.312170000000000,-0.412700000000000,0.325400000000000,-0.515870000000000,0.0687800000000000,-0.500000000000000,-0.116400000000000,-0.148150000000000,-0.145500000000000,-0.148150000000000,-0.380950000000000,-0.232800000000000,0.00265000000000000,0.0357400000000000,-0.317390000000000,0.158730000000000,-0.216930000000000,0.248680000000000,-0.243390000000000,0.267200000000000,0.0423300000000000,2
1,0,0.0869600000000000,0.00686000000000000,0.139590000000000,-0.0411900000000000,0.105260000000000,-0.0823800000000000,0.125860000000000,-0.0617800000000000,0.233410000000000,-0.0114400000000000,0.123570000000000,0.0778000000000000,0.146450000000000,-0.135010000000000,0.290620000000000,-0.0480500000000000,0.189930000000000,0.0732300000000000,0.116700000000000,0,0.112130000000000,-0.00229000000000000,0.151030000000000,-0.102970000000000,0.0846700000000000,0.0137300000000000,0.112130000000000,-0.0663600000000000,0.0961100000000000,-0.0732300000000000,0.116700000000000,-0.0686500000000000,1
1,0,0.943330000000000,0.385740000000000,0.482630000000000,0.645340000000000,0.215720000000000,0.775140000000000,-0.559410000000000,0.648990000000000,-0.736750000000000,0.420480000000000,-0.760510000000000,0,-0.627060000000000,-0.310790000000000,-0.383910000000000,-0.621570000000000,-0.127970000000000,-0.692870000000000,0.499090000000000,-0.636200000000000,0.714810000000000,-0.376600000000000,0.738570000000000,-0.0548400000000000,0.600980000000000,0.303840000000000,0.455210000000000,0.605120000000000,0.0274200000000000,0.544790000000000,-0.215720000000000,0.504570000000000,2
1,0,0.0197500000000000,0.00705000000000000,0.0409000000000000,-0.00846000000000000,0.0211600000000000,0.0112800000000000,0.0112800000000000,0.0437200000000000,0.00282000000000000,0.00141000000000000,0.0197500000000000,-0.0310300000000000,-0.0197500000000000,0.0606500000000000,-0.0409000000000000,0.0268000000000000,-0.0239800000000000,-0.00423000000000000,0.0437200000000000,-0.0253900000000000,0.0183400000000000,0,0,-0.0126900000000000,0.0183400000000000,-0.0112800000000000,0.00564000000000000,-0.0155100000000000,-0.0169300000000000,-0.0239800000000000,0.00705000000000000,0,1
1,0,0.857360000000000,0.000750000000000000,0.819270000000000,-0.0567600000000000,0.775210000000000,-0.0418200000000000,0.843170000000000,0.0903700000000000,0.862580000000000,0.119490000000000,0.880510000000000,-0.0612400000000000,0.783420000000000,0.0351000000000000,0.837190000000000,-0.0679600000000000,0.835700000000000,-0.141900000000000,0.881250000000000,0.0119500000000000,0.905150000000000,0.0224000000000000,0.796860000000000,-0.0194200000000000,0.823830000000000,-0.0367800000000000,0.881250000000000,-0.0642300000000000,0.739360000000000,-0.0194200000000000,0.790890000000000,-0.0918600000000000,2
1,0,1,-1,1,1,-1,1,1,-1,1,-1,-1,-1,-1,1,1,1,1,1,-1,1,1,-1,1,-1,1,1,1,1,-1,1,-1,1,1
1,0,0.852090000000000,0.392520000000000,0.388870000000000,0.764320000000000,0.0885800000000000,0.989030000000000,-0.426250000000000,0.887440000000000,-0.762290000000000,0.499800000000000,-0.930920000000000,0.107680000000000,-0.859000000000000,-0.310440000000000,-0.660300000000000,-0.552620000000000,-0.192600000000000,-0.860630000000000,0.284440000000000,-0.804960000000000,0.646490000000000,-0.352300000000000,0.778140000000000,-0.233240000000000,0.716980000000000,0.213430000000000,0.378300000000000,0.583100000000000,0.196670000000000,0.663150000000000,-0.112150000000000,0.649330000000000,2
1,0,1,1,1,0.512500000000000,0.625000000000000,-1,1,1,0.0250000000000000,0.0312500000000000,1,1,0,0,1,-1,1,1,1,1,0.312500000000000,1,1,1,1,1,1,1,-0.943750000000000,1,0,0,1
1,0,1,0.549020000000000,0.627450000000000,1,0.0196100000000000,1,-0.490200000000000,0.921570000000000,-0.823530000000000,0.588240000000000,-1,0.117650000000000,-0.960780000000000,-0.333330000000000,-0.647060000000000,-0.686270000000000,-0.235290000000000,-0.862750000000000,0.352940000000000,-1,0.745100000000000,-0.725490000000000,0.921570000000000,-0.215690000000000,0.928740000000000,0.218760000000000,0.725490000000000,0.568630000000000,0.235290000000000,0.901960000000000,-0.117650000000000,0.901960000000000,2
1,0,0,0,-1,-1,-1,1,0,0,-1,1,1,1,1,-1,0,0,0,0,-1,-1,-1,1,1,0.437500000000000,1,-1,0,0,-1,-1,-1,1,1
1,0,0.444440000000000,0.444440000000000,0.536950000000000,0.907630000000000,-0.222220000000000,1,-0.333330000000000,0.888890000000000,-1,0.333330000000000,-1,-0.111110000000000,-1,-0.222220000000000,-0.666670000000000,-0.777780000000000,0.555560000000000,-1,-0.222220000000000,-0.777780000000000,0.777780000000000,-0.222220000000000,0.333330000000000,0,0.921200000000000,0.450190000000000,0.574540000000000,0.843530000000000,0.222220000000000,1,-0.555560000000000,1,2
0,0,0,0,0,0,0,0,0,0,0,0,0,0,0,0,0,0,0,0,0,0,0,0,0,0,1,0,0,0,0,0,0,0,1
1,0,1,0,1,0,0.500000000000000,0.500000000000000,0.750000000000000,0,0.912010000000000,0.120940000000000,0.890670000000000,0.142100000000000,0.869220000000000,0.162280000000000,0.750000000000000,0.250000000000000,0.750000000000000,0.500000000000000,0.750000000000000,0,1,-0.250000000000000,0.500000000000000,0.500000000000000,0.739440000000000,0.263880000000000,0.750000000000000,0.250000000000000,0.696350000000000,0.290740000000000,0.674930000000000,0.302930000000000,2
0,0,-1,1,1,1,0,0,1,-1,1,-1,1,-1,-1,-1,0,0,-1,-1,0,0,0,0,-1,-1,1,-1,1,1,-1,-1,0,0,1
1,0,1,0,1,0,0.666670000000000,0.111110000000000,1,-0.111110000000000,0.888890000000000,-0.111110000000000,1,-0.222220000000000,0.777780000000000,0,0.777780000000000,0,1,-0.111110000000000,0.777780000000000,-0.111110000000000,0.666670000000000,-0.111110000000000,0.666670000000000,0,0.903470000000000,-0.0535200000000000,1,0.111110000000000,0.888890000000000,-0.111110000000000,1,0,2
0,0,0,0,0,0,0,0,0,0,0,0,-1,-1,0,0,1,0.750000000000000,0,0,0,0,-1,1,0,0,1,-1,-1,-1,1,1,0,0,1
1,0,1,0.454550000000000,1,-0.454550000000000,1,0.0909100000000000,1,-0.0909100000000000,1,0,1,-0.272730000000000,1,-0.181820000000000,1,0.0909100000000000,1,0,1,-0.363640000000000,1,0.0909100000000000,1,-0.0909100000000000,1,-0.0491400000000000,1,0.454550000000000,1,-0.272730000000000,1,-0.181820000000000,2
1,0,0.621210000000000,-0.636360000000000,0,0,0,0,0.344700000000000,0.287880000000000,0.428030000000000,0.393940000000000,-0.0757600000000000,0.518940000000000,0.363640000000000,0.314390000000000,-0.537880000000000,0.329550000000000,0.121210000000000,-0.147730000000000,0.0189400000000000,-0.534090000000000,-0.575760000000000,0.178030000000000,0.291670000000000,-0.272730000000000,0.257580000000000,-0.575760000000000,0.431820000000000,0.242420000000000,0.181820000000000,-0.0227300000000000,0.170450000000000,-0.416670000000000,1
1,0,1,0.117650000000000,1,0.235290000000000,1,0.411760000000000,1,0.0588200000000000,1,0.235290000000000,1,0.117650000000000,1,0.470590000000000,1,-0.0588200000000000,1,-0.117650000000000,1,0.352940000000000,1,0.411760000000000,1,-0.117650000000000,1,0.202250000000000,1,0.0588200000000000,1,0.352940000000000,1,0.235290000000000,2
1,0,0,0,-1,-0.627660000000000,1,0.510640000000000,0.0797900000000000,-0.234040000000000,-1,-0.361700000000000,0.127660000000000,-0.590430000000000,1,-1,0,0,0.829790000000000,-0.0797900000000000,-0.250000000000000,1,0.170210000000000,-0.707450000000000,0,0,-0.191490000000000,-0.468090000000000,-0.223400000000000,-0.489360000000000,0.744680000000000,0.904260000000000,-0.675530000000000,0.457450000000000,1
1,0,0.916670000000000,0.291670000000000,0.833330000000000,-0.166670000000000,0.708330000000000,0.250000000000000,0.875000000000000,-0.0833300000000000,0.916670000000000,0.0416700000000000,0.833330000000000,0.125000000000000,0.708330000000000,0,0.875000000000000,0.0416700000000000,1,0.0833300000000000,0.666670000000000,-0.0833300000000000,0.750000000000000,0.166670000000000,0.833330000000000,-0.125000000000000,0.837960000000000,0.0550300000000000,1,0.208330000000000,0.708330000000000,0,0.708330000000000,0.0416700000000000,2
1,0,0.185900000000000,-0.166670000000000,0,0,0,0,0,0,0,0,0.115380000000000,-0.190710000000000,0,0,0,0,0,0,0,0,-0.0512800000000000,-0.0657100000000000,0.0785300000000000,0.0897400000000000,0.173080000000000,-0.108970000000000,0.125000000000000,0.0961500000000000,0.0256400000000000,-0.0480800000000000,0.168270000000000,0.195510000000000,1
1,0,1,-0.0818300000000000,1,-0.113260000000000,0.992460000000000,-0.298020000000000,1,-0.330750000000000,0.966620000000000,-0.342810000000000,0.857880000000000,-0.472650000000000,0.919040000000000,-0.481700000000000,0.730840000000000,-0.652240000000000,0.681310000000000,-0.635440000000000,0.824500000000000,-0.783160000000000,0.588290000000000,-0.747850000000000,0.670330000000000,-0.962960000000000,0.487570000000000,-0.856690000000000,0.379410000000000,-0.838930000000000,0.241170000000000,-0.888460000000000,0.292210000000000,-0.896210000000000,2
1,0,1,1,-1,1,-1,-0.824560000000000,0.346490000000000,0.210530000000000,0.460530000000000,0.0701800000000000,0.228070000000000,0.0570200000000000,0.350880000000000,0.346490000000000,0.728070000000000,-0.0394700000000000,0.228070000000000,0.530700000000000,0,0,-0.298250000000000,-0.162280000000000,1,-0.666670000000000,1,-1,1,-0.245610000000000,0.350880000000000,0.201750000000000,0.828950000000000,0.0789500000000000,1
1,0,1,0.240770000000000,0.998150000000000,0.00369000000000000,0.802440000000000,-0.301330000000000,0.899190000000000,-0.234860000000000,0.706430000000000,-0.240770000000000,0.738550000000000,-0.305390000000000,0.714920000000000,-0.360780000000000,0.471940000000000,-0.611890000000000,0.404730000000000,-0.550590000000000,0.610410000000000,-0.393280000000000,0.531760000000000,-0.326810000000000,0.239660000000000,-0.521420000000000,0.292080000000000,-0.483900000000000,0.127770000000000,-0.391430000000000,0.156570000000000,-0.513290000000000,0.183530000000000,-0.466030000000000,2
0,0,-1,1,1,-1,0,0,0,0,1,-1,1,1,0,0,1,-1,0,0,0,0,1,1,-1,1,1,-1,-1,1,-1,-1,0,0,1
1,0,0.922470000000000,-0.194480000000000,0.964190000000000,-0.176740000000000,0.870240000000000,-0.226020000000000,0.817020000000000,-0.270700000000000,0.792710000000000,-0.289090000000000,0.703020000000000,-0.496390000000000,0.633380000000000,-0.499670000000000,0.372540000000000,-0.707290000000000,0.270700000000000,-0.721090000000000,0.405060000000000,-0.541720000000000,0.335090000000000,-0.596910000000000,0.147500000000000,-0.636010000000000,0.0931200000000000,-0.595890000000000,-0.0716200000000000,-0.549280000000000,-0.0184000000000000,-0.540740000000000,-0.0745700000000000,-0.478980000000000,2
1,0,-1,-1,-0.506940000000000,1,1,-1,1,0.538190000000000,0,0,0.239580000000000,-1,1,1,0,0,1,1,1,1,0,0,-0.715280000000000,1,0.333330000000000,-1,1,-1,0.697920000000000,-1,0.475690000000000,1,1
1,0,0.841770000000000,0.434600000000000,0.500000000000000,0.761600000000000,0.0991600000000000,0.934600000000000,-0.377640000000000,0.881860000000000,-0.723630000000000,0.611810000000000,-0.938820000000000,0.194090000000000,-0.867090000000000,-0.255270000000000,-0.628690000000000,-0.656120000000000,-0.251050000000000,-0.856540000000000,0.162450000000000,-0.864980000000000,0.514770000000000,-0.668780000000000,0.748950000000000,-0.289030000000000,0.779370000000000,0.0793300000000000,0.641350000000000,0.428270000000000,0.314350000000000,0.624470000000000,-0.00422000000000000,0.694090000000000,2
1,0,1,1,0,0,1,-1,-1,-1,1,1,1,-1,0,0,1,-1,1,1,0,0,1,-1,-1,-1,1,1,-1,1,-1,1,0,0,1
1,0,1,0.635480000000000,1,1,0.771230000000000,1,-0.333330000000000,1,-1,1,0,1,-1,1,-1,0,-1,-0.666670000000000,-1,-0.925360000000000,-1,-0.333330000000000,-0.333330000000000,-1,0.192350000000000,-1,1,-1,0,-1,1,-0.666670000000000,2
0,0,-1,1,-1,-1,0,0,-1,1,1,-1,-1,-1,-1,1,0,0,-1,-1,-1,1,0,0,1,-1,1,1,1,-1,1,1,0,0,1
1,0,1,0.0684300000000000,1,0.142110000000000,1,0.221080000000000,1,-0.125000000000000,1,0.394950000000000,1,0.489810000000000,1,0.589860000000000,-0.375000000000000,1,1,0,1,0.920010000000000,1,1,1,1,1,1,1,0.250000000000000,1,1,1,1,2
0,0,-1,-1,0,0,0,0,0,0,0,0,0,0,1,-1,0,0,-1,-1,0,0,1,1,1,-1,1,-1,0,0,0,0,0,0,1
1,0,0.649470000000000,-0.0789600000000000,0.582640000000000,-0.143800000000000,-0.131290000000000,-0.213840000000000,0.297960000000000,0.0440300000000000,0.380960000000000,-0.263390000000000,0.289310000000000,-0.319970000000000,0.0345900000000000,-0.189470000000000,0.202690000000000,-0.294410000000000,0.151960000000000,-0.290520000000000,0.0951300000000000,-0.315250000000000,0.0655600000000000,-0.267950000000000,0.0300400000000000,-0.251240000000000,-0.000460000000000000,-0.232100000000000,-0.0261200000000000,-0.211290000000000,-0.0471700000000000,-0.189500000000000,0.0133600000000000,-0.272010000000000,2
1,0,0,0,0,0,0,0,0,0,1,-0.333330000000000,0.166670000000000,0.260420000000000,0,0,0,0,0,0,-0.197920000000000,-0.218750000000000,-0.166670000000000,0.906250000000000,-1,0.500000000000000,0.0416700000000000,0.750000000000000,-0.229170000000000,-1,-0.125000000000000,-0.270830000000000,-0.197920000000000,-0.937500000000000,1
1,0,1,0.0514900000000000,0.993630000000000,0.101230000000000,0.961420000000000,0.147560000000000,0.955130000000000,-0.264960000000000,0.660260000000000,0.547010000000000,0.804260000000000,0.252830000000000,0.737810000000000,0.273800000000000,0.667750000000000,0.287140000000000,0.596150000000000,0.293040000000000,0.524940000000000,0.292000000000000,0.455820000000000,0.284760000000000,0.390230000000000,0.272260000000000,0.329300000000000,0.255530000000000,0.273810000000000,0.235680000000000,0.224270000000000,0.213780000000000,0.180860000000000,0.190830000000000,2
1,0,1,-0.0952400000000000,-1,-1,-1,-1,1,0.317460000000000,0.813490000000000,0.761900000000000,-1,-1,-1,1,0.473640000000000,1,1,1,0.688390000000000,-1,-1,-1,0.829370000000000,0.365080000000000,1,1,1,0.507940000000000,-1,-0.325400000000000,-1,0.728310000000000,1
1,0,0.936690000000000,-0.00190000000000000,0.607610000000000,0.432040000000000,0.923140000000000,-0.401290000000000,0.931230000000000,0.168280000000000,0.961970000000000,0.0906100000000000,0.996760000000000,0.0817200000000000,0.915860000000000,0.0509700000000000,0.846280000000000,-0.253240000000000,0.873790000000000,-0.144820000000000,0.848710000000000,0.261330000000000,0.750810000000000,-0.0364100000000000,0.845470000000000,-0.0258900000000000,0.872930000000000,-0.0230200000000000,0.985440000000000,0.0938500000000000,0.783170000000000,-0.101940000000000,0.858410000000000,-0.147250000000000,2
1,0,1,-1,1,1,1,1,1,-0.500000000000000,1,1,1,1,1,1,0,0,1,1,1,1,1,-1,1,1,1,0.625000000000000,1,-0.750000000000000,-0.750000000000000,1,1,1,1
1,0,1,0.230580000000000,1,-0.785090000000000,1,-0.104010000000000,1,0.154140000000000,1,0.278200000000000,0.981200000000000,-0.0686100000000000,1,0.0661000000000000,0.958020000000000,-0.189540000000000,0.835840000000000,-0.156330000000000,0.974000000000000,0.0372800000000000,0.996240000000000,0.0924200000000000,1,-0.0125300000000000,0.962380000000000,-0.0459700000000000,0.911650000000000,0.0388500000000000,1,-0.137220000000000,0.965230000000000,-0.117170000000000,2
1,0,0.368760000000000,-1,-1,-1,-0.0766100000000000,1,1,0.950410000000000,0.745970000000000,-0.387100000000000,-1,-0.793130000000000,-0.0967700000000000,1,0.486840000000000,0.465020000000000,0.317550000000000,-0.274610000000000,-0.143430000000000,-0.201880000000000,-0.119760000000000,0.0689500000000000,0.0302100000000000,0.0663900000000000,0.0344300000000000,-0.0118600000000000,-0.00403000000000000,-0.0167200000000000,-0.00761000000000000,0.00108000000000000,0.000150000000000000,0.00325000000000000,1
1,0,0.798470000000000,0.382650000000000,0.808040000000000,-0.169640000000000,1,-0.0765300000000000,0.981510000000000,-0.0739800000000000,0.702170000000000,0.206630000000000,0.997450000000000,0.0210500000000000,0.982140000000000,0.0248700000000000,1,-0.130740000000000,0.956630000000000,0.0771700000000000,1,0.00191000000000000,0.903060000000000,0.308040000000000,1,-0.145410000000000,1,-0.00394000000000000,0.756380000000000,0.0790800000000000,1,-0.187500000000000,1,-0.0574000000000000,2
